{
	"eaglePrice": 2,
    "trashHoles": [11,12],
    "trashPrice": 1,
	"tournamentCode": "014",
	"groups": [
		[ "25804" , "25632", "34046", "28237", "21528" ],
		[ "23108" , "28089", "24502", "27141", "30925" ],
		[ "20396" , "21209", "32102", "34360", "01810" ],
		[ "22405" , "27649", "29420", "10809", "33141" ]
	],
	"users": [
		"Connor Garrison","Michael Shelton","Thomas Grantham","Marshall Martin","Tony Pauling"
	],
    "teams": [
        [ "25804" , "23108" , "20396" , "22405" ],
        [ "25632" , "28089" , "21209" , "27649" ],
        [ "34046" , "24502" , "32102" , "29420" ],
        [ "28237" , "27141" , "34360" , "10809" ],
        [ "21528" , "30925" , "01810" , "33141" ]
    ]
}